   0.0000000000000000        1.0000000000000000        0.0000000000000000        0.0000000000000000                1
   1.0000000000000000       0.50000000000000000       0.50000000000000000        0.0000000000000000                2
   2.0000000000000000       0.33333333333333331       0.33333333333333331       0.33333333333333331                3
   3.0000000000000000       0.50000000000000000       0.25000000000000000       0.25000000000000000                1
   4.0000000000000000       0.40000000000000002       0.40000000000000002       0.20000000000000001                2
   5.0000000000000000       0.33333333333333331       0.50000000000000000       0.16666666666666666                2
   6.0000000000000000       0.28571428571428570       0.42857142857142855       0.28571428571428570                3
   7.0000000000000000       0.37500000000000000       0.37500000000000000       0.25000000000000000                1
   8.0000000000000000       0.33333333333333331       0.33333333333333331       0.33333333333333331                3
   9.0000000000000000       0.29999999999999999       0.40000000000000002       0.29999999999999999                2
   10.000000000000000       0.27272727272727271       0.36363636363636365       0.36363636363636365                3
   11.000000000000000       0.33333333333333331       0.33333333333333331       0.33333333333333331                1
   12.000000000000000       0.30769230769230771       0.38461538461538464       0.30769230769230771                2
   13.000000000000000       0.28571428571428570       0.42857142857142855       0.28571428571428570                2
   14.000000000000000       0.26666666666666666       0.40000000000000002       0.33333333333333331                3
   15.000000000000000       0.25000000000000000       0.43750000000000000       0.31250000000000000                2
   16.000000000000000       0.23529411764705882       0.41176470588235292       0.35294117647058826                3
   17.000000000000000       0.27777777777777779       0.38888888888888890       0.33333333333333331                1
   18.000000000000000       0.26315789473684209       0.36842105263157893       0.36842105263157893                3
   19.000000000000000       0.29999999999999999       0.34999999999999998       0.34999999999999998                1
   20.000000000000000       0.28571428571428570       0.33333333333333331       0.38095238095238093                3
   21.000000000000000       0.31818181818181818       0.31818181818181818       0.36363636363636365                1
   22.000000000000000       0.30434782608695654       0.30434782608695654       0.39130434782608697                3
   23.000000000000000       0.33333333333333331       0.29166666666666669       0.37500000000000000                1
   24.000000000000000       0.32000000000000001       0.28000000000000003       0.40000000000000002                3
   25.000000000000000       0.34615384615384615       0.26923076923076922       0.38461538461538464                1
   26.000000000000000       0.33333333333333331       0.29629629629629628       0.37037037037037035                2
   27.000000000000000       0.32142857142857145       0.28571428571428570       0.39285714285714285                3
   28.000000000000000       0.34482758620689657       0.27586206896551724       0.37931034482758619                1
   29.000000000000000       0.33333333333333331       0.26666666666666666       0.40000000000000002                3
   30.000000000000000       0.32258064516129031       0.29032258064516131       0.38709677419354838                2
   31.000000000000000       0.31250000000000000       0.31250000000000000       0.37500000000000000                2
   32.000000000000000       0.30303030303030304       0.30303030303030304       0.39393939393939392                3
   33.000000000000000       0.29411764705882354       0.32352941176470590       0.38235294117647056                2
   34.000000000000000       0.28571428571428570       0.34285714285714286       0.37142857142857144                2
   35.000000000000000       0.27777777777777779       0.33333333333333331       0.38888888888888890                3
   36.000000000000000       0.29729729729729731       0.32432432432432434       0.37837837837837840                1
   37.000000000000000       0.28947368421052633       0.31578947368421051       0.39473684210526316                3
   38.000000000000000       0.28205128205128205       0.33333333333333331       0.38461538461538464                2
   39.000000000000000       0.27500000000000002       0.32500000000000001       0.40000000000000002                3
   40.000000000000000       0.29268292682926828       0.31707317073170732       0.39024390243902440                1
   41.000000000000000       0.28571428571428570       0.33333333333333331       0.38095238095238093                2
   42.000000000000000       0.27906976744186046       0.34883720930232559       0.37209302325581395                2
   43.000000000000000       0.27272727272727271       0.36363636363636365       0.36363636363636365                2
   44.000000000000000       0.26666666666666666       0.35555555555555557       0.37777777777777777                3
   45.000000000000000       0.28260869565217389       0.34782608695652173       0.36956521739130432                1
   46.000000000000000       0.27659574468085107       0.36170212765957449       0.36170212765957449                2
   47.000000000000000       0.27083333333333331       0.35416666666666669       0.37500000000000000                3
   48.000000000000000       0.28571428571428570       0.34693877551020408       0.36734693877551022                1
   49.000000000000000       0.28000000000000003       0.35999999999999999       0.35999999999999999                2
   50.000000000000000       0.27450980392156865       0.35294117647058826       0.37254901960784315                3
   51.000000000000000       0.26923076923076922       0.36538461538461536       0.36538461538461536                2
   52.000000000000000       0.26415094339622641       0.37735849056603776       0.35849056603773582                2
   53.000000000000000       0.25925925925925924       0.37037037037037035       0.37037037037037035                3
   54.000000000000000       0.27272727272727271       0.36363636363636365       0.36363636363636365                1
   55.000000000000000       0.26785714285714285       0.37500000000000000       0.35714285714285715                2
   56.000000000000000       0.26315789473684209       0.36842105263157893       0.36842105263157893                3
   57.000000000000000       0.27586206896551724       0.36206896551724138       0.36206896551724138                1
   58.000000000000000       0.27118644067796610       0.35593220338983050       0.37288135593220340                3
   59.000000000000000       0.26666666666666666       0.36666666666666664       0.36666666666666664                2
   60.000000000000000       0.26229508196721313       0.37704918032786883       0.36065573770491804                2
   61.000000000000000       0.27419354838709675       0.37096774193548387       0.35483870967741937                1
   62.000000000000000       0.26984126984126983       0.36507936507936506       0.36507936507936506                3
   63.000000000000000       0.26562500000000000       0.37500000000000000       0.35937500000000000                2
   64.000000000000000       0.26153846153846155       0.36923076923076925       0.36923076923076925                3
   65.000000000000000       0.25757575757575757       0.37878787878787878       0.36363636363636365                2
   66.000000000000000       0.25373134328358210       0.37313432835820898       0.37313432835820898                3
   67.000000000000000       0.25000000000000000       0.38235294117647056       0.36764705882352944                2
   68.000000000000000       0.24637681159420291       0.37681159420289856       0.37681159420289856                3
   69.000000000000000       0.25714285714285712       0.37142857142857144       0.37142857142857144                1
   70.000000000000000       0.25352112676056338       0.38028169014084506       0.36619718309859156                2
   71.000000000000000       0.25000000000000000       0.37500000000000000       0.37500000000000000                3
   72.000000000000000       0.24657534246575341       0.38356164383561642       0.36986301369863012                2
   73.000000000000000       0.24324324324324326       0.39189189189189189       0.36486486486486486                2
   74.000000000000000       0.23999999999999999       0.38666666666666666       0.37333333333333335                3
   75.000000000000000       0.23684210526315788       0.39473684210526316       0.36842105263157893                2
   76.000000000000000       0.24675324675324675       0.38961038961038963       0.36363636363636365                1
   77.000000000000000       0.24358974358974358       0.38461538461538464       0.37179487179487181                3
   78.000000000000000       0.24050632911392406       0.39240506329113922       0.36708860759493672                2
   79.000000000000000       0.23749999999999999       0.38750000000000001       0.37500000000000000                3
   80.000000000000000       0.24691358024691357       0.38271604938271603       0.37037037037037035                1
   81.000000000000000       0.24390243902439024       0.37804878048780488       0.37804878048780488                3
   82.000000000000000       0.25301204819277107       0.37349397590361444       0.37349397590361444                1
   83.000000000000000       0.25000000000000000       0.36904761904761907       0.38095238095238093                3
   84.000000000000000       0.25882352941176473       0.36470588235294116       0.37647058823529411                1
   85.000000000000000       0.25581395348837210       0.36046511627906974       0.38372093023255816                3
   86.000000000000000       0.26436781609195403       0.35632183908045978       0.37931034482758619                1
   87.000000000000000       0.26136363636363635       0.35227272727272729       0.38636363636363635                3
   88.000000000000000       0.26966292134831460       0.34831460674157305       0.38202247191011235                1
   89.000000000000000       0.26666666666666666       0.34444444444444444       0.38888888888888890                3
   90.000000000000000       0.27472527472527475       0.34065934065934067       0.38461538461538464                1
   91.000000000000000       0.27173913043478259       0.33695652173913043       0.39130434782608697                3
   92.000000000000000       0.27956989247311825       0.33333333333333331       0.38709677419354838                1
   93.000000000000000       0.27659574468085107       0.34042553191489361       0.38297872340425532                2
   94.000000000000000       0.27368421052631581       0.33684210526315789       0.38947368421052631                3
   95.000000000000000       0.27083333333333331       0.34375000000000000       0.38541666666666669                2
   96.000000000000000       0.26804123711340205       0.34020618556701032       0.39175257731958762                3
   97.000000000000000       0.26530612244897961       0.34693877551020408       0.38775510204081631                2
   98.000000000000000       0.26262626262626265       0.34343434343434343       0.39393939393939392                3
   99.000000000000000       0.27000000000000002       0.34000000000000002       0.39000000000000001                1
   100.00000000000000       0.27000000000000002       0.34000000000000002       0.39000000000000001                2
